-0.281172
-0.281212
-0.281252
-0.281293
-0.281333
-0.281373
-0.281414
-0.281454
-0.281494
-0.281535
-0.281575
-0.281616
-0.281656
-0.281696
-0.281737
-0.281777
-0.281818
-0.281858
-0.281899
-0.281939
-0.281980
-0.282020
-0.282061
-0.282101
-0.282142
-0.282183
-0.282223
-0.282264
-0.282304
-0.282345
-0.282386
-0.282426
-0.282467
-0.282508
-0.282548
-0.282589
-0.282630
-0.282670
-0.282711
-0.282752
-0.282793
-0.282833
-0.282874
-0.282915
-0.282956
-0.282996
-0.283037
-0.283078
-0.283119
-0.283160
-0.283201
-0.283242
-0.283282
-0.283323
-0.283364
-0.283405
-0.283446
-0.283487
-0.283528
-0.283569
-0.283610
-0.283651
-0.283692
-0.283733
-0.283774
-0.283815
-0.283856
-0.283897
-0.283938
-0.283979
-0.284021
-0.284062
-0.284103
-0.284144
-0.284185
-0.284226
-0.284267
-0.284309
-0.284350
-0.284391
-0.284432
-0.284474
-0.284515
-0.284556
-0.284597
-0.284639
-0.284680
-0.284721
-0.284763
-0.284804
-0.284845
-0.284887
-0.284928
-0.284969
-0.285011
-0.285052
-0.285094
-0.285135
-0.285177
-0.285218
-0.285260
-0.285301
-0.285343
-0.285384
-0.285426
-0.285467
-0.285509
-0.285550
-0.285592
-0.285633
-0.285675
-0.285717
-0.285758
-0.285800
-0.285841
-0.285883
-0.285925
-0.285967
-0.286008
-0.286050
-0.286092
-0.286133
-0.286175
-0.286217
-0.286259
-0.286300
-0.286342
-0.286384
-0.286426
-0.286468
-0.286510
-0.286551
-0.286593
-0.286635
-0.286677
-0.286719
-0.286761
-0.286803
-0.286845
-0.286887
-0.286929
-0.286971
-0.287013
-0.287055
-0.287097
-0.287139
-0.287181
-0.287223
-0.287265
-0.287307
-0.287349
-0.287391
-0.287433
-0.287475
-0.287518
-0.287560
-0.287602
-0.287644
-0.287686
-0.287729
-0.287771
-0.287813
-0.287855
-0.287898
-0.287940
-0.287982
-0.288024
-0.288067
-0.288109
-0.288151
-0.288194
-0.288236
-0.288278
-0.288321
-0.288363
-0.288406
-0.288448
-0.288491
-0.288533
-0.288575
-0.288618
-0.288660
-0.288703
-0.288745
-0.288788
-0.288830
-0.288873
-0.288916
-0.288958
-0.289001
-0.289043
-0.289086
-0.289129
-0.289171
-0.289214
-0.289257
-0.289299
-0.289342
-0.289385
-0.289427
-0.289470
-0.289513
-0.289556
-0.289598
-0.289641
-0.289684
-0.289727
-0.289770
-0.289812
-0.289855
-0.289898
-0.289941
-0.289984
-0.290027
-0.290070
-0.290113
-0.290156
-0.290199
-0.290242
-0.290284
-0.290327
-0.290370
-0.290413
-0.290457
-0.290500
-0.290543
-0.290586
-0.290629
-0.290672
-0.290715
-0.290758
-0.290801
-0.290844
-0.290888
-0.290931
-0.290974
-0.291017
-0.291060
-0.291104
-0.291147
-0.291190
-0.291233
-0.291277
-0.291320
-0.291363
-0.291406
-0.291450
-0.291493
-0.291537
-0.291580
-0.291623
-0.291667
-0.291710
-0.291753
-0.291797
-0.291840
-0.291884
-0.291927
-0.291971
-0.292014
-0.292058
-0.292101
-0.292145
-0.292188
-0.292232
-0.292276
-0.292319
-0.292363
-0.292406
-0.292450
-0.292494
-0.292537
-0.292581
-0.292625
-0.292668
-0.292712
-0.292756
-0.292800
-0.292843
-0.292887
-0.292931
-0.292975
-0.293019
-0.293062
-0.293106
-0.293150
-0.293194
-0.293238
-0.293282
-0.293326
-0.293369
-0.293413
-0.293457
-0.293501
-0.293545
-0.293589
-0.293633
-0.293677
-0.293721
-0.293765
-0.293809
-0.293853
-0.293897
-0.293942
-0.293986
-0.294030
-0.294074
-0.294118
-0.294162
-0.294206
-0.294251
-0.294295
-0.294339
-0.294383
-0.294427
-0.294472
-0.294516
-0.294560
-0.294605
-0.294649
-0.294693
-0.294737
-0.294782
-0.294826
-0.294871
-0.294915
-0.294959
-0.295004
-0.295048
-0.295093
-0.295137
-0.295182
-0.295226
-0.295271
-0.295315
-0.295360
-0.295404
-0.295449
-0.295493
-0.295538
-0.295582
-0.295627
-0.295672
-0.295716
-0.295761
-0.295806
-0.295850
-0.295895
-0.295940
-0.295984
-0.296029
-0.296074
-0.296119
-0.296163
-0.296208
-0.296253
-0.296298
-0.296343
-0.296387
-0.296432
-0.296477
-0.296522
-0.296567
-0.296612
-0.296657
-0.296702
-0.296747
-0.296792
-0.296837
-0.296882
-0.296927
-0.296972
-0.297017
-0.297062
-0.297107
-0.297152
-0.297197
-0.297242
-0.297287
-0.297332
-0.297377
-0.297423
-0.297468
-0.297513
-0.297558
-0.297603
-0.297649
-0.297694
-0.297739
-0.297784
-0.297830
-0.297875
-0.297920
-0.297966
-0.298011
-0.298056
-0.298102
-0.298147
-0.298192
-0.298238
-0.298283
-0.298329
-0.298374
-0.298420
-0.298465
-0.298511
-0.298556
-0.298602
-0.298647
-0.298693
-0.298738
-0.298784
-0.298829
-0.298875
-0.298921
-0.298966
-0.299012
-0.299058
-0.299103
-0.299149
-0.299195
-0.299241
-0.299286
-0.299332
-0.299378
-0.299424
-0.299469
-0.299515
-0.299561
-0.299607
-0.299653
-0.299699
-0.299744
-0.299790
-0.299836
-0.299882
-0.299928
-0.299974
-0.300020
-0.300066
-0.300112
-0.300158
-0.300204
-0.300250
-0.300296
-0.300342
-0.300388
-0.300434
-0.300480
-0.300527
-0.300573
-0.300619
-0.300665
-0.300711
-0.300757
-0.300804
-0.300850
-0.300896
-0.300942
-0.300989
-0.301035
-0.301081
-0.301128
-0.301174
-0.301220
-0.301267
-0.301313
-0.301359
-0.301406
-0.301452
-0.301499
-0.301545
-0.301592
-0.301638
-0.301685
-0.301731
-0.301778
-0.301824
-0.301871
-0.301917
-0.301964
-0.302010
-0.302057
-0.302104
-0.302150
-0.302197
-0.302244
-0.302290
-0.302337
-0.302384
-0.302430
-0.302477
-0.302524
-0.302571
-0.302617
-0.302664
-0.302711
-0.302758
-0.302805
-0.302852
-0.302898
-0.302945
-0.302992
-0.303039
-0.303086
-0.303133
-0.303180
-0.303227
-0.303274
-0.303321
-0.303368
-0.303415
-0.303462
-0.303509
-0.303556
-0.303603
-0.303650
-0.303698
-0.303745
-0.303792
-0.303839
-0.303886
-0.303933
-0.303981
-0.304028
-0.304075
-0.304122
-0.304170
-0.304217
-0.304264
-0.304312
-0.304359
-0.304406
-0.304454
-0.304501
-0.304548
-0.304596
-0.304643
-0.304691
-0.304738
-0.304786
-0.304833
-0.304881
-0.304928
-0.304976
-0.305023
-0.305071
-0.305118
-0.305166
-0.305213
-0.305261
-0.305309
-0.305356
-0.305404
-0.305452
-0.305499
-0.305547
-0.305595
-0.305643
-0.305690
-0.305738
-0.305786
-0.305834
-0.305882
-0.305929
-0.305977
-0.306025
-0.306073
-0.306121
-0.306169
-0.306217
-0.306265
-0.306313
-0.306361
-0.306409
-0.306457
-0.306505
-0.306553
-0.306601
-0.306649
-0.306697
-0.306745
-0.306793
-0.306841
-0.306889
-0.306937
-0.306986
-0.307034
-0.307082
-0.307130
-0.307178
-0.307227
-0.307275
-0.307323
-0.307372
-0.307420
-0.307468
-0.307517
-0.307565
-0.307613
-0.307662
-0.307710
-0.307759
-0.307807
-0.307855
-0.307904
-0.307952
-0.308001
-0.308049
-0.308098
-0.308146
-0.308195
-0.308244
-0.308292
-0.308341
-0.308389
-0.308438
-0.308487
-0.308535
-0.308584
-0.308633
-0.308681
-0.308730
-0.308779
-0.308828
-0.308877
-0.308925
-0.308974
-0.309023
-0.309072
-0.309121
-0.309170
-0.309218
-0.309267
-0.309316
-0.309365
-0.309414
-0.309463
-0.309512
-0.309561
-0.309610
-0.309659
-0.309708
-0.309757
-0.309806
-0.309855
-0.309905
-0.309954
-0.310003
-0.310052
-0.310101
-0.310150
-0.310200
-0.310249
-0.310298
-0.310347
-0.310397
-0.310446
-0.310495
-0.310544
-0.310594
-0.310643
-0.310693
-0.310742
-0.310791
-0.310841
-0.310890
-0.310940
-0.310989
-0.311039
-0.311088
-0.311138
-0.311187
-0.311237
-0.311286
-0.311336
-0.311385
-0.311435
-0.311485
-0.311534
-0.311584
-0.311634
-0.311683
-0.311733
-0.311783
-0.311832
-0.311882
-0.311932
-0.311982
-0.312032
-0.312081
-0.312131
-0.312181
-0.312231
-0.312281
-0.312331
-0.312381
-0.312431
-0.312481
-0.312531
-0.312581
-0.312631
-0.312681
-0.312731
-0.312781
-0.312831
-0.312881
-0.312931
-0.312981
-0.313031
-0.313081
-0.313131
-0.313182
-0.313232
-0.313282
-0.313332
-0.313382
-0.313433
-0.313483
-0.313533
-0.313584
-0.313634
-0.313684
-0.313735
-0.313785
-0.313835
-0.313886
-0.313936
-0.313987
-0.314037
-0.314088
-0.314138
-0.314189
-0.314239
-0.314290
-0.314340
-0.314391
-0.314441
-0.314492
-0.314543
-0.314593
-0.314644
-0.314695
-0.314745
-0.314796
-0.314847
-0.314898
-0.314948
-0.314999
-0.315050
-0.315101
-0.315152
-0.315202
-0.315253
-0.315304
-0.315355
-0.315406
-0.315457
-0.315508
-0.315559
-0.315610
-0.315661
-0.315712
-0.315763
-0.315814
-0.315865
-0.315916
-0.315967
-0.316018
-0.316069
-0.316120
-0.316172
-0.316223
-0.316274
-0.316325
-0.316376
-0.316428
-0.316479
-0.316530
-0.316582
-0.316633
-0.316684
-0.316736
-0.316787
-0.316838
-0.316890
-0.316941
-0.316993
-0.317044
-0.317095
-0.317147
-0.317198
-0.317250
-0.317302
-0.317353
-0.317405
-0.317456
-0.317508
-0.317559
-0.317611
-0.317663
-0.317714
-0.317766
-0.317818
-0.317870
-0.317921
-0.317973
-0.318025
-0.318077
-0.318128
-0.318180
-0.318232
-0.318284
-0.318336
-0.318388
-0.318440
-0.318492
-0.318544
-0.318596
-0.318648
-0.318700
-0.318752
-0.318804
-0.318856
-0.318908
-0.318960
-0.319012
-0.319064
-0.319116
-0.319168
-0.319221
-0.319273
-0.319325
-0.319377
-0.319429
-0.319482
-0.319534
-0.319586
-0.319639
-0.319691
-0.319743
-0.319796
-0.319848
-0.319900
-0.319953
-0.320005
-0.320058
-0.320110
-0.320163
-0.320215
-0.320268
-0.320320
-0.320373
-0.320425
-0.320478
-0.320531
-0.320583
-0.320636
-0.320689
-0.320741
-0.320794
-0.320847
-0.320899
-0.320952
-0.321005
-0.321058
-0.321111
-0.321163
-0.321216
-0.321269
-0.321322
-0.321375
-0.321428
-0.321481
-0.321534
-0.321587
-0.321640
-0.321693
-0.321746
-0.321799
-0.321852
-0.321905
-0.321958
-0.322011
-0.322064
-0.322117
-0.322171
-0.322224
-0.322277
-0.322330
-0.322383
-0.322437
-0.322490
-0.322543
-0.322597
-0.322650
-0.322703
-0.322757
-0.322810
-0.322863
-0.322917
-0.322970
-0.323024
-0.323077
-0.323131
-0.323184
-0.323238
-0.323291
-0.323345
-0.323398
-0.323452
-0.323506
-0.323559
-0.323613
-0.323667
-0.323720
-0.323774
-0.323828
-0.323882
-0.323935
-0.323989
-0.324043
-0.324097
-0.324151
-0.324204
-0.324258
-0.324312
-0.324366
-0.324420
-0.324474
-0.324528
-0.324582
-0.324636
-0.324690
-0.324744
-0.324798
-0.324852
-0.324906
-0.324960
-0.325015
-0.325069
-0.325123
-0.325177
-0.325231
-0.325285
-0.325340
-0.325394
-0.325448
-0.325503
-0.325557
-0.325611
-0.325666
-0.325720
-0.325774
-0.325829
-0.325883
-0.325938
-0.325992
-0.326047
-0.326101
-0.326156
-0.326210
-0.326265
-0.326319
-0.326374
-0.326428
-0.326483
-0.326538
-0.326592
-0.326647
-0.326702
-0.326757
-0.326811
-0.326866
-0.326921
-0.326976
-0.327031
-0.327085
-0.327140
-0.327195
-0.327250
-0.327305
-0.327360
-0.327415
-0.327470
-0.327525
-0.327580
-0.327635
-0.327690
-0.327745
-0.327800
-0.327855
-0.327910
-0.327965
-0.328021
-0.328076
-0.328131
-0.328186
-0.328241
-0.328297
-0.328352
-0.328407
-0.328463
-0.328518
-0.328573
-0.328629
-0.328684
-0.328739
-0.328795
-0.328850
-0.328906
-0.328961
-0.329017
-0.329072
-0.329128
-0.329183
-0.329239
-0.329295
-0.329350
-0.329406
-0.329461
-0.329517
-0.329573
-0.329629
-0.329684
-0.329740
-0.329796
-0.329852
-0.329907
-0.329963
-0.330019
-0.330075
-0.330131
-0.330187
-0.330243
-0.330299
-0.330355
-0.330411
-0.330467
-0.330523
-0.330579
-0.330635
-0.330691
-0.330747
-0.330803
-0.330859
-0.330915
-0.330972
-0.331028
-0.331084
-0.331140
-0.331197
-0.331253
-0.331309
-0.331365
-0.331422
-0.331478
-0.331535
-0.331591
-0.331647
-0.331704
-0.331760
-0.331817
-0.331873
-0.331930
-0.331986
-0.332043
-0.332099
-0.332156
-0.332213
-0.332269
-0.332326
-0.332383
-0.332439
-0.332496
-0.332553
-0.332610
-0.332666
-0.332723
-0.332780
-0.332837
-0.332894
-0.332950
-0.333007
-0.333064
-0.333121
-0.333178
-0.333235
-0.333292
-0.333349
-0.333406
-0.333463
-0.333520
-0.333577
-0.333635
-0.333692
-0.333749
-0.333806
-0.333863
-0.333920
-0.333978
-0.334035
-0.334092
-0.334149
-0.334207
-0.334264
-0.334321
-0.334379
-0.334436
-0.334494
-0.334551
-0.334609
-0.334666
-0.334724
-0.334781
-0.334839
-0.334896
-0.334954
-0.335011
-0.335069
-0.335127
-0.335184
-0.335242
-0.335300
-0.335357
-0.335415
-0.335473
-0.335531
-0.335588
-0.335646
-0.335704
-0.335762
-0.335820
-0.335878
-0.335936
-0.335994
-0.336052
-0.336110
-0.336168
-0.336226
-0.336284
-0.336342
-0.336400
-0.336458
-0.336516
-0.336574
-0.336632
-0.336691
-0.336749
-0.336807
-0.336865
-0.336924
-0.336982
-0.337040
-0.337098
-0.337157
-0.337215
-0.337274
-0.337332
-0.337390
-0.337449
-0.337507
-0.337566
-0.337624
-0.337683
-0.337742
-0.337800
-0.337859
-0.337917
-0.337976
-0.338035
-0.338093
-0.338152
-0.338211
-0.338270
-0.338328
-0.338387
-0.338446
-0.338505
-0.338564
-0.338622
-0.338681
-0.338740
-0.338799
-0.338858
-0.338917
-0.338976
-0.339035
-0.339094
-0.339153
-0.339212
-0.339272
-0.339331
-0.339390
-0.339449
-0.339508
-0.339567
-0.339627
-0.339686
-0.339745
-0.339804
-0.339864
-0.339923
-0.339982
-0.340042
-0.340101
-0.340161
-0.340220
-0.340280
-0.340339
-0.340399
-0.340458
-0.340518
-0.340577
-0.340637
-0.340697
-0.340756
-0.340816
-0.340875
-0.340935
-0.340995
-0.341055
-0.341114
-0.341174
-0.341234
-0.341294
-0.341354
-0.341414
-0.341474
-0.341533
-0.341593
-0.341653
-0.341713
-0.341773
-0.341833
-0.341893
-0.341953
-0.342014
-0.342074
-0.342134
-0.342194
-0.342254
-0.342314
-0.342375
-0.342435
-0.342495
-0.342555
-0.342616
-0.342676
-0.342736
-0.342797
-0.342857
-0.342918
-0.342978
-0.343038
-0.343099
-0.343159
-0.343220
-0.343281
-0.343341
-0.343402
-0.343462
-0.343523
-0.343584
-0.343644
-0.343705
-0.343766
-0.343826
-0.343887
-0.343948
-0.344009
-0.344070
-0.344131
-0.344191
-0.344252
-0.344313
-0.344374
-0.344435
-0.344496
-0.344557
-0.344618
-0.344679
-0.344740
-0.344801
-0.344863
-0.344924
-0.344985
-0.345046
-0.345107
-0.345169
-0.345230
-0.345291
-0.345352
-0.345414
-0.345475
-0.345536
-0.345598
-0.345659
-0.345721
-0.345782
-0.345844
-0.345905
-0.345967
-0.346028
-0.346090
-0.346151
-0.346213
-0.346275
-0.346336
-0.346398
-0.346460
-0.346521
-0.346583
-0.346645
-0.346707
-0.346769
-0.346830
-0.346892
-0.346954
-0.347016
-0.347078
-0.347140
-0.347202
-0.347264
-0.347326
-0.347388
-0.347450
-0.347512
-0.347574
-0.347636
-0.347699
-0.347761
-0.347823
-0.347885
-0.347947
-0.348010
-0.348072
-0.348134
-0.348197
-0.348259
-0.348321
-0.348384
-0.348446
-0.348509
-0.348571
-0.348634
-0.348696
-0.348759
-0.348821
-0.348884
-0.348947
-0.349009
-0.349072
-0.349135
-0.349197
-0.349260
-0.349323
-0.349386
-0.349448
-0.349511
-0.349574
-0.349637
-0.349700
-0.349763
-0.349826
-0.349889
-0.349952
-0.350015
-0.350078
-0.350141
-0.350204
-0.350267
-0.350330
-0.350393
-0.350456
-0.350520
-0.350583
-0.350646
-0.350709
-0.350773
-0.350836
-0.350899
-0.350963
-0.351026
-0.351089
-0.351153
-0.351216
-0.351280
-0.351343
-0.351407
-0.351470
-0.351534
-0.351598
-0.351661
-0.351725
-0.351788
-0.351852
-0.351916
-0.351980
-0.352043
-0.352107
-0.352171
-0.352235
-0.352299
-0.352363
-0.352426
-0.352490
-0.352554
-0.352618
-0.352682
-0.352746
-0.352810
-0.352874
-0.352939
-0.353003
-0.353067
-0.353131
-0.353195
-0.353259
-0.353324
-0.353388
-0.353452
-0.353517
-0.353581
-0.353645
-0.353710
-0.353774
-0.353838
-0.353903
-0.353967
-0.354032
-0.354096
-0.354161
-0.354226
-0.354290
-0.354355
-0.354419
-0.354484
-0.354549
-0.354614
-0.354678
-0.354743
-0.354808
-0.354873
-0.354938
-0.355002
-0.355067
-0.355132
-0.355197
-0.355262
-0.355327
-0.355392
-0.355457
-0.355522
-0.355587
-0.355652
-0.355718
-0.355783
-0.355848
-0.355913
-0.355978
-0.356044
-0.356109
-0.356174
-0.356240
-0.356305
-0.356370
-0.356436
-0.356501
-0.356567
-0.356632
-0.356698
-0.356763
-0.356829
-0.356894
-0.356960
-0.357026
-0.357091
-0.357157
-0.357223
-0.357288
-0.357354
-0.357420
-0.357486
-0.357552
-0.357617
-0.357683
-0.357749
-0.357815
-0.357881
-0.357947
-0.358013
-0.358079
-0.358145
-0.358211
-0.358277
-0.358343
-0.358410
-0.358476
-0.358542
-0.358608
-0.358674
-0.358741
-0.358807
-0.358873
-0.358940
-0.359006
-0.359073
-0.359139
-0.359205
-0.359272
-0.359338
-0.359405
-0.359472
-0.359538
-0.359605
-0.359671
-0.359738
-0.359805
-0.359871
-0.359938
-0.360005
-0.360072
-0.360139
-0.360205
-0.360272
-0.360339
-0.360406
-0.360473
-0.360540
-0.360607
-0.360674
-0.360741
-0.360808
-0.360875
-0.360942
-0.361009
-0.361077
-0.361144
-0.361211
-0.361278
-0.361346
-0.361413
-0.361480
-0.361548
-0.361615
-0.361682
-0.361750
-0.361817
-0.361885
-0.361952
-0.362020
-0.362087
-0.362155
-0.362222
-0.362290
-0.362358
-0.362425
-0.362493
-0.362561
-0.362629
-0.362696
-0.362764
-0.362832
-0.362900
-0.362968
-0.363036
-0.363104
-0.363172
-0.363240
-0.363308
-0.363376
-0.363444
-0.363512
-0.363580
-0.363648
-0.363716
-0.363785
-0.363853
-0.363921
-0.363989
-0.364058
-0.364126
-0.364195
-0.364263
-0.364331
-0.364400
-0.364468
-0.364537
-0.364605
-0.364674
-0.364742
-0.364811
-0.364880
-0.364948
-0.365017
-0.365086
-0.365154
-0.365223
-0.365292
-0.365361
-0.365430
-0.365499
-0.365567
-0.365636
-0.365705
-0.365774
-0.365843
-0.365912
-0.365981
-0.366051
-0.366120
-0.366189
-0.366258
-0.366327
-0.366396
-0.366466
-0.366535
-0.366604
-0.366674
-0.366743
-0.366812
-0.366882
-0.366951
-0.367021
-0.367090
-0.367160
-0.367229
-0.367299
-0.367368
-0.367438
-0.367508
-0.367577
-0.367647
-0.367717
-0.367787
-0.367856
-0.367926
-0.367996
-0.368066
-0.368136
-0.368206
-0.368276
-0.368346
-0.368416
-0.368486
-0.368556
-0.368626
-0.368696
-0.368766
-0.368836
-0.368906
-0.368977
-0.369047
-0.369117
-0.369188
-0.369258
-0.369328
-0.369399
-0.369469
-0.369540
-0.369610
-0.369680
-0.369751
-0.369822
-0.369892
-0.369963
-0.370033
-0.370104
-0.370175
-0.370246
-0.370316
-0.370387
-0.370458
-0.370529
-0.370600
-0.370670
-0.370741
-0.370812
-0.370883
-0.370954
-0.371025
-0.371096
-0.371168
-0.371239
-0.371310
-0.371381
-0.371452
-0.371523
-0.371595
-0.371666
-0.371737
-0.371809
-0.371880
-0.371951
-0.372023
-0.372094
-0.372166
-0.372237
-0.372309
-0.372380
-0.372452
-0.372524
-0.372595
-0.372667
-0.372739
-0.372810
-0.372882
-0.372954
-0.373026
-0.373098
-0.373170
-0.373241
-0.373313
-0.373385
-0.373457
-0.373529
-0.373601
-0.373673
-0.373746
-0.373818
-0.373890
-0.373962
-0.374034
-0.374107
-0.374179
-0.374251
-0.374324
-0.374396
-0.374468
-0.374541
-0.374613
-0.374686
-0.374758
-0.374831
-0.374903
-0.374976
-0.375049
-0.375121
-0.375194
-0.375267
-0.375339
-0.375412
-0.375485
-0.375558
-0.375631
-0.375703
-0.375776
-0.375849
-0.375922
-0.375995
-0.376068
-0.376141
-0.376215
-0.376288
-0.376361
-0.376434
-0.376507
-0.376580
-0.376654
-0.376727
-0.376800
-0.376874
-0.376947
-0.377021
-0.377094
-0.377167
-0.377241
-0.377314
-0.377388
-0.377462
-0.377535
-0.377609
-0.377683
-0.377756
-0.377830
-0.377904
-0.377978
-0.378051
-0.378125
-0.378199
-0.378273
-0.378347
-0.378421
-0.378495
-0.378569
-0.378643
-0.378717
-0.378791
