-0.279413
-0.277751
-0.276091
-0.274433
-0.272777
-0.271123
-0.269472
-0.267822
-0.266175
-0.264530
-0.262887
-0.261245
-0.259606
-0.257969
-0.256334
-0.254701
-0.253070
-0.251441
-0.249814
-0.248188
-0.246565
-0.244944
-0.243324
-0.241707
-0.240091
-0.238478
-0.236866
-0.235256
-0.233648
-0.232041
-0.230437
-0.228834
-0.227233
-0.225634
-0.224037
-0.222441
-0.220847
-0.219255
-0.217665
-0.216076
-0.214489
-0.212904
-0.211320
-0.209738
-0.208158
-0.206580
-0.205003
-0.203427
-0.201853
-0.200281
-0.198711
-0.197142
-0.195574
-0.194008
-0.192444
-0.190881
-0.189320
-0.187760
-0.186201
-0.184645
-0.183089
-0.181535
-0.179983
-0.178431
-0.176882
-0.175333
-0.173787
-0.172241
-0.170697
-0.169154
-0.167613
-0.166072
-0.164534
-0.162996
-0.161460
-0.159925
-0.158391
-0.156859
-0.155328
-0.153798
-0.152269
-0.150742
-0.149215
-0.147690
-0.146166
-0.144644
-0.143122
-0.141602
-0.140082
-0.138564
-0.137047
-0.135531
-0.134016
-0.132502
-0.130989
-0.129478
-0.127967
-0.126457
-0.124948
-0.123441
-0.121934
-0.120428
-0.118924
-0.117420
-0.115917
-0.114415
-0.112914
-0.111414
-0.109914
-0.108416
-0.106919
-0.105422
-0.103926
-0.102431
-0.100937
-0.099444
-0.097951
-0.096459
-0.094968
-0.093478
-0.091989
-0.090500
-0.089012
-0.087524
-0.086038
-0.084552
-0.083067
-0.081582
-0.080098
-0.078615
-0.077132
-0.075650
-0.074169
-0.072688
-0.071208
-0.069728
-0.068249
-0.066770
-0.065292
-0.063815
-0.062338
-0.060861
-0.059385
-0.057910
-0.056435
-0.054960
-0.053486
-0.052012
-0.050539
-0.049066
-0.047594
-0.046122
-0.044650
-0.043178
-0.041707
-0.040237
-0.038766
-0.037296
-0.035826
-0.034357
-0.032888
-0.031419
-0.029950
-0.028481
-0.027013
-0.025545
-0.024077
-0.022610
-0.021142
-0.019675
-0.018208
-0.016741
-0.015274
-0.013807
-0.012341
-0.010874
-0.009408
-0.007942
-0.006475
-0.005009
-0.003543
-0.002077
-0.000611
0.000855
0.002322
0.003788
0.005254
0.006720
0.008186
0.009653
0.011119
0.012586
0.014052
0.015519
0.016986
0.018453
0.019920
0.021387
0.022855
0.024322
0.025790
0.027258
0.028727
0.030195
0.031664
0.033133
0.034602
0.036072
0.037541
0.039012
0.040482
0.041953
0.043424
0.044895
0.046367
0.047839
0.049312
0.050785
0.052258
0.053732
0.055206
0.056681
0.058156
0.059632
0.061108
0.062584
0.064062
0.065539
0.067017
0.068496
0.069975
0.071455
0.072935
0.074416
0.075898
0.077380
0.078863
0.080346
0.081830
0.083315
0.084800
0.086286
0.087773
0.089260
0.090748
0.092237
0.093727
0.095217
0.096708
0.098200
0.099693
0.101186
0.102681
0.104176
0.105672
0.107168
0.108666
0.110165
0.111664
0.113164
0.114666
0.116168
0.117671
0.119175
0.120680
0.122186
0.123692
0.125200
0.126709
0.128219
0.129730
0.131242
0.132755
0.134269
0.135784
0.137300
0.138817
0.140336
0.141855
0.143376
0.144898
0.146421
0.147945
0.149470
0.150997
0.152524
0.154053
0.155583
0.157115
0.158647
0.160181
0.161716
0.163253
0.164790
0.166329
0.167870
0.169412
0.170955
0.172499
0.174045
0.175592
0.177140
0.178690
0.180242
0.181794
0.183349
0.184904
0.186462
0.188020
0.189580
0.191142
0.192705
0.194270
0.195836
0.197404
0.198973
0.200544
0.202116
0.203690
0.205266
0.206843
0.208422
0.210002
0.211585
0.213169
0.214754
0.216341
0.217930
0.219521
0.221113
0.222707
0.224303
0.225901
0.227500
0.229101
0.230704
0.232309
0.233916
0.235524
0.237135
0.238747
0.240361
0.241977
0.243595
0.245214
0.246836
0.248460
0.250085
0.251713
0.253342
0.254974
0.256607
0.258242
0.259880
0.261519
0.263161
0.264804
0.266450
0.268098
0.269747
0.271399
0.273053
0.274709
0.276368
0.278028
0.279691
0.281355
0.283022
0.284691
0.286363
0.288036
0.289712
0.291390
0.293070
0.294753
0.296438
0.298125
0.299814
0.301506
0.303200
0.304896
0.306595
0.308296
0.310000
0.311705
0.313414
0.315124
0.316837
0.318553
0.320271
0.321991
0.323714
0.325440
0.327168
0.328898
0.330631
0.332366
0.334104
0.335845
0.337588
0.339334
0.341082
0.342833
0.344587
0.346343
0.348101
0.349863
0.351627
0.353394
0.355163
0.356935
0.358710
0.360488
0.362268
0.364051
0.365837
0.367626
0.369417
0.371211
0.373008
0.374808
0.376611
0.378416
0.380225
0.382036
0.383850
0.385667
0.387487
0.389309
0.391135
0.392964
0.394795
0.396630
0.398468
0.400308
0.402152
0.403998
0.405848
0.407700
0.409556
0.411415
0.413276
0.415141
0.417009
0.418880
0.420754
0.422632
0.424512
0.426396
0.428282
0.430172
0.432065
0.433962
0.435861
0.437764
0.439670
0.441579
0.443492
0.445407
0.447326
0.449249
0.451174
0.453103
0.455035
0.456971
0.458910
0.460852
0.462798
0.464747
0.466700
0.468655
0.470615
0.472577
0.474544
0.476513
0.478486
0.480463
0.482443
0.484427
0.486414
0.488404
0.490398
0.492396
0.494397
0.496402
0.498410
0.500422
0.502438
0.504457
0.506480
0.508507
0.510537
0.512570
0.514608
0.516649
0.518694
0.520742
0.522795
0.524851
0.526910
0.528974
0.531041
0.533112
0.535187
0.537266
0.539348
0.541434
0.543524
0.545618
0.547716
0.549818
0.551923
0.554032
0.556146
0.558263
0.560384
0.562509
0.564638
0.566771
0.568908
0.571049
0.573193
0.575342
0.577495
0.579652
0.581813
0.583978
0.586147
0.588320
0.590497
0.592678
0.594863
0.597053
0.599246
0.601444
0.603645
0.605851
0.608061
0.610275
0.612494
0.614716
0.616943
0.619174
0.621409
0.623649
0.625892
0.628140
0.630392
0.632649
0.634909
0.637174
0.639444
0.641717
0.643995
0.646277
0.648564
0.650855
0.653150
0.655450
0.657754
0.660062
0.662375
0.664692
0.667014
0.669340
0.671670
0.674005
0.676345
0.678689
0.681037
0.683390
0.685747
0.688109
0.690475
0.692846
0.695221
0.697601
0.699986
0.702375
0.704769
0.707167
0.709569
0.711977
0.714389
0.716805
0.719227
0.721652
0.724083
0.726518
0.728958
0.731402
0.733852
0.736305
0.738764
0.741227
0.743695
0.746168
0.748645
0.751127
0.753614
0.756106
0.758602
0.761103
0.763609
0.766120
0.768635
0.771156
0.773681
0.776211
0.778745
0.781285
0.783829
0.786379
0.788933
0.791492
0.794056
0.796625
0.799198
0.801777
0.804360
0.806949
0.809542
0.812140
0.814743
0.817351
0.819964
0.822582
0.825205
0.827833
0.830466
0.833104
0.835747
0.838394
0.841047
0.843705
0.846368
0.849036
0.851709
0.854386
0.857069
0.859757
0.862451
0.865149
0.867852
0.870560
0.873273
0.875992
0.878715
0.881444
0.884177
0.886916
0.889660
0.892409
0.895163
0.897922
0.900687
0.903456
0.906231
0.909011
0.911796
0.914586
0.917381
0.920181
0.922987
0.925798
0.928614
0.931435
0.934261
0.937093
0.939929
0.942771
0.945618
0.948471
0.951328
0.954191
0.957059
0.959932
0.962810
0.965694
0.968583
0.971477
0.974376
0.977281
0.980190
0.983105
0.986026
0.988951
0.991882
0.994818
0.997759
1.000706
1.003658
1.006615
1.009577
1.012545
1.015518
1.018496
1.021480
1.024468
1.027462
1.030462
1.033466
1.036476
1.039491
1.042512
1.045538
1.048569
1.051605
1.054647
1.057693
1.060746
1.063803
1.066866
1.069934
1.073007
1.076086
1.079170
1.082259
1.085354
1.088454
1.091559
1.094669
1.097785
1.100906
1.104032
1.107164
1.110300
1.113442
1.116590
1.119743
1.122901
1.126064
1.129232
1.132406
1.135585
1.138769
1.141959
1.145154
1.148354
1.151559
1.154770
1.157986
1.161207
1.164433
1.167665
1.170902
1.174144
1.177391
1.180644
1.183902
1.187165
1.190433
1.193706
1.196985
1.200269
1.203558
1.206852
1.210152
1.213456
1.216766
1.220081
1.223401
1.226726
1.230057
1.233392
1.236733
1.240079
1.243430
1.246786
1.250147
1.253514
1.256885
1.260262
1.263644
1.267030
1.270422
1.273819
1.277221
1.280628
1.284040
1.287457
1.290879
1.294306
1.297739
1.301176
1.304618
1.308065
1.311517
1.314974
1.318436
1.321903
1.325375
1.328852
1.332334
1.335820
1.339312
1.342808
1.346310
1.349816
1.353327
1.356843
1.360363
1.363889
1.367419
1.370954
1.374494
1.378039
1.381588
1.385143
1.388701
1.392265
1.395833
1.399406
1.402984
1.406566
1.410153
1.413745
1.417341
1.420942
1.424548
1.428158
1.431772
1.435392
1.439015
1.442643
1.446276
1.449913
1.453555
1.457201
1.460852
1.464507
1.468166
1.471830
1.475498
1.479171
1.482848
1.486529
1.490214
1.493904
1.497598
1.501296
1.504999
1.508706
1.512417
1.516132
1.519851
1.523574
1.527302
1.531033
1.534769
1.538509
1.542253
1.546000
1.549752
1.553508
1.557267
1.561031
1.564799
1.568570
1.572345
1.576124
1.579907
1.583694
1.587484
1.591279
1.595077
1.598878
1.602684
1.606493
1.610305
1.614121
1.617941
1.621765
1.625591
1.629422
1.633256
1.637093
1.640934
1.644778
1.648625
1.652476
1.656331
1.660188
1.664049
1.667913
1.671780
1.675650
1.679524
1.683401
1.687281
1.691163
1.695049
1.698938
1.702830
1.706725
1.710623
1.714523
1.718427
1.722333
1.726243
1.730155
1.734069
1.737987
1.741907
1.745830
1.749755
1.753683
1.757613
1.761546
1.765482
1.769420
1.773360
1.777303
1.781248
1.785195
1.789145
1.793097
1.797051
1.801007
1.804966
1.808926
1.812889
1.816853
1.820820
1.824789
1.828759
1.832732
1.836706
1.840682
1.844660
1.848639
1.852620
1.856603
1.860588
1.864574
1.868562
1.872551
1.876541
1.880533
1.884527
1.888521
1.892517
1.896515
1.900513
1.904513
1.908514
1.912516
1.916518
1.920522
1.924527
1.928533
1.932540
1.936547
1.940556
1.944565
1.948574
1.952585
1.956596
1.960607
1.964619
1.968632
1.972645
1.976658
1.980672
1.984686
1.988700
1.992715
1.996729
2.000744
2.004759
2.008773
2.012788
2.016803
2.020817
2.024831
2.028845
2.032859
2.036872
2.040885
2.044898
2.048910
2.052921
2.056932
2.060942
2.064952
2.068961
2.072969
2.076976
2.080982
2.084987
2.088991
2.092995
2.096997
2.100997
2.104997
2.108995
2.112992
2.116988
2.120982
2.124975
2.128966
2.132955
2.136943
2.140929
2.144913
2.148896
2.152876
2.156855
2.160831
2.164805
2.168778
2.172748
2.176716
2.180681
2.184644
2.188605
2.192563
2.196519
2.200472
2.204422
2.208369
2.212314
2.216256
2.220195
2.224131
2.228064
2.231994
2.235920
2.239844
2.243764
2.247681
2.251594
2.255504
2.259410
2.263313
2.267212
2.271107
2.274998
2.278886
2.282769
2.286649
2.290524
2.294395
2.298262
2.302125
2.305983
2.309837
2.313687
2.317532
2.321372
2.325208
2.329038
2.332864
2.336686
2.340502
2.344313
2.348119
2.351920
2.355715
2.359505
2.363290
2.367069
2.370843
2.374611
2.378374
2.382131
2.385881
2.389627
2.393366
2.397099
2.400825
2.404546
2.408260
2.411968
2.415670
2.419365
2.423054
2.426736
2.430411
2.434079
2.437741
2.441395
2.445043
2.448684
2.452317
2.455943
2.459562
2.463173
2.466777
2.470373
2.473962
2.477542
2.481116
2.484681
2.488238
2.491787
2.495328
2.498861
2.502386
2.505902
2.509410
2.512909
2.516400
2.519882
2.523356
2.526820
2.530276
2.533722
2.537160
2.540588
2.544007
2.547417
2.550817
2.554208
2.557589
2.560961
2.564323
2.567675
2.571017
2.574349
2.577671
2.580983
2.584284
2.587576
2.590857
2.594127
2.597387
2.600636
2.603874
2.607102
2.610319
2.613524
2.616719
2.619902
2.623074
2.626235
2.629384
2.632522
2.635648
2.638762
2.641865
2.644956
2.648034
2.651101
2.654156
2.657198
2.660228
2.663246
2.666251
2.669244
2.672223
2.675191
2.678145
2.681086
2.684015
2.686930
2.689832
2.692721
2.695596
2.698458
2.701306
2.704141
2.706962
2.709769
2.712562
2.715341
2.718106
2.720857
2.723594
2.726316
2.729023
2.731717
2.734395
2.737059
2.739708
2.742342
2.744961
2.747565
2.750154
2.752727
2.755285
2.757828
2.760355
2.762867
2.765362
2.767842
2.770306
2.772754
2.775186
2.777602
2.780001
2.782384
2.784750
2.787100
2.789434
2.791750
2.794050
2.796332
2.798598
2.800847
2.803078
2.805292
2.807489
2.809668
2.811830
2.813974
2.816100
2.818208
2.820299
2.822371
2.824425
2.826461
2.828479
2.830478
2.832459
2.834421
2.836364
2.838289
2.840195
2.842082
2.843950
2.845798
2.847628
2.849438
2.851228
2.853000
2.854751
2.856483
2.858195
2.859887
2.861559
2.863212
2.864844
2.866455
2.868047
2.869618
2.871168
2.872698
2.874207
2.875696
2.877163
2.878610
2.880035
2.881440
2.882823
2.884184
2.885525
2.886844
2.888141
2.889416
2.890670
2.891902
2.893112
2.894300
2.895466
2.896609
2.897730
2.898829
2.899905
2.900959
2.901990
2.902998
2.903984
2.904946
2.905886
2.906802
2.907696
2.908565
2.909412
2.910235
2.911035
2.911811
2.912563
2.913291
2.913996
2.914677
2.915333
2.915965
2.916574
2.917158
2.917717
2.918252
2.918762
2.919248
2.919709
2.920146
2.920557
2.920943
2.921305
2.921641
2.921952
2.922238
2.922498
2.922733
2.922942
2.923126
2.923284
2.923416
2.923522
2.923603
2.923657
2.923685
2.923687
2.923663
2.923613
2.923536
2.923432
2.923302
2.923145
2.922962
2.922752
2.922515
2.922251
2.921960
2.921642
2.921296
2.920924
2.920524
2.920097
2.919642
2.919160
2.918650
2.918112
2.917547
2.916954
2.916332
2.915683
2.915006
2.914301
2.913568
2.912806
2.912016
2.911198
2.910351
2.909476
2.908572
2.907639
2.906678
2.905688
2.904669
2.903622
2.902545
2.901439
2.900304
2.899140
2.897947
2.896724
2.895472
2.894191
2.892880
2.891539
2.890169
2.888770
2.887340
2.885881
2.884392
2.882873
2.881325
2.879746
2.878137
2.876498
2.874829
2.873129
2.871400
2.869640
2.867849
2.866028
2.864177
2.862295
2.860383
2.858440
2.856466
2.854461
2.852426
2.850360
2.848263
2.846135
2.843976
2.841786
2.839565
2.837312
2.835029
2.832715
2.830369
2.827992
2.825583
2.823143
2.820672
2.818169
2.815635
2.813069
2.810472
2.807843
2.805182
2.802490
2.799766
2.797010
2.794222
2.791403
2.788552
2.785669
2.782753
2.779806
2.776827
2.773816
2.770773
2.767698
2.764590
2.761451
2.758279
2.755075
2.751839
2.748570
2.745270
2.741937
2.738571
2.735174
2.731744
2.728281
2.724786
2.721259
2.717699
2.714107
2.710482
2.706825
2.703135
2.699413
2.695658
2.691871
2.688051
2.684198
2.680313
2.676395
2.672444
2.668461
2.664445
2.660397
2.656315
2.652201
2.648055
2.643875
2.639663
2.635419
2.631141
2.626831
2.622488
2.618113
2.613704
2.609263
2.604789
2.600283
2.595743
2.591171
2.586566
2.581929
2.577259
2.572556
2.567820
2.563052
2.558251
2.553417
2.548551
2.543652
2.538720
2.533756
2.528759
2.523729
2.518667
2.513572
2.508445
2.503285
2.498092
2.492867
2.487609
2.482319
2.476997
2.471642
2.466254
2.460835
2.455382
2.449898
2.444381
2.438831
2.433250
2.427636
2.421990
2.416312
2.410601
2.404859
2.399084
2.393277
2.387438
2.381567
2.375664
2.369729
2.363763
2.357764
2.351733
2.345671
2.339577
2.333451
2.327293
2.321104
2.314883
2.308631
2.302347
2.296031
2.289685
2.283306
2.276897
2.270456
2.263983
2.257480
2.250945
2.244380
2.237783
2.231155
2.224497
2.217807
2.211087
2.204335
2.197553
2.190741
2.183898
2.177024
2.170119
2.163185
2.156220
2.149224
2.142198
2.135142
2.128056
2.120940
2.113794
2.106618
2.099412
2.092176
2.084911
2.077616
2.070291
2.062937
2.055553
2.048140
2.040698
2.033226
2.025725
2.018196
2.010637
2.003049
1.995432
1.987787
1.980113
1.972410
1.964679
1.956919
1.949131
1.941315
1.933470
1.925598
1.917697
1.909769
1.901812
1.893828
1.885816
1.877777
1.869710
1.861615
1.853494
1.845345
1.837169
1.828966
1.820736
1.812479
1.804195
1.795885
1.787548
1.779185
1.770796
1.762380
1.753938
1.745470
1.736976
1.728456
1.719911
1.711340
1.702743
1.694121
1.685473
1.676801
1.668103
1.659380
1.650633
1.641860
1.633063
1.624242
1.615396
1.606525
1.597631
1.588712
1.579770
1.570803
1.561813
1.552799
1.543762
1.534701
1.525617
1.516510
1.507380
1.498227
1.489051
1.479852
1.470631
1.461388
1.452122
1.442834
1.433524
1.424192
1.414838
1.405463
1.396066
1.386648
1.377208
1.367747
1.358266
1.348763
1.339240
1.329696
1.320131
1.310547
1.300942
1.291317
1.281672
1.272007
1.262322
1.252618
1.242895
1.233152
1.223391
1.213610
1.203810
1.193992
1.184155
1.174300
1.164427
1.154535
1.144626
1.134698
1.124753
1.114791
1.104811
1.094813
1.084799
1.074768
1.064720
1.054655
1.044574
1.034476
1.024362
1.014233
1.004087
0.993925
0.983748
0.973556
0.963348
0.953125
0.942887
0.932634
0.922366
0.912084
0.901788
0.891477
0.881153
0.870814
0.860462
0.850096
0.839716
0.829324
0.818918
0.808499
0.798068
0.787624
0.777167
0.766699
0.756218
0.745725
0.735220
0.724703
0.714175
0.703636
0.693086
0.682524
0.671952
0.661369
0.650776
0.640172
0.629558
0.618934
0.608300
0.597656
0.587003
0.576341
0.565669
0.554989
0.544299
0.533601
0.522894
0.512179
0.501456
0.490725
0.479986
0.469239
0.458485
0.447724
0.436955
0.426179
0.415397
0.404608
0.393812
0.383011
0.372203
0.361389
0.350569
0.339744
0.328913
0.318077
0.307236
0.296390
0.285539
0.274684
0.263824
0.252960
0.242092
0.231220
0.220345
0.209465
0.198583
0.187697
0.176809
0.165917
0.155023
0.144126
0.133227
0.122326
0.111423
0.100518
0.089612
0.078704
0.067795
0.056884
0.045973
0.035061
0.024149
0.013236
0.002323
-0.008590
-0.019503
-0.030416
-0.041328
-0.052239
-0.063150
-0.074060
-0.084968
-0.095875
-0.106781
-0.117685
-0.128587
-0.139487
-0.150384
-0.161280
-0.172172
-0.183062
-0.193949
-0.204833
-0.215714
-0.226591
-0.237464
-0.248334
-0.259200
-0.270061
-0.280918
-0.291771
-0.302619
-0.313462
-0.324301
-0.335134
-0.345961
-0.356783
-0.367600
-0.378410
