-7.251
-7.250
-7.249
-7.248
-7.247
-7.246
-7.245
-7.244
-7.243
-7.242
-7.241
-7.240
-7.239
-7.238
-7.237
-7.236
-7.235
-7.234
-7.233
-7.232
-7.231
-7.230
-7.229
-7.228
-7.227
-7.226
-7.225
-7.224
-7.223
-7.222
-7.221
-7.220
-7.219
-7.218
-7.217
-7.216
-7.215
-7.214
-7.213
-7.212
-7.211
-7.210
-7.209
-7.208
-7.207
-7.206
-7.205
-7.204
-7.203
-7.202
-7.201
-7.200
-7.199
-7.198
-7.197
-7.196
-7.195
-7.194
-7.193
-7.192
-7.191
-7.190
-7.189
-7.188
-7.187
-7.186
-7.185
-7.184
-7.183
-7.182
-7.181
-7.180
-7.179
-7.178
-7.177
-7.176
-7.175
-7.174
-7.173
-7.172
-7.171
-7.170
-7.169
-7.168
-7.167
-7.166
-7.165
-7.164
-7.163
-7.162
-7.161
-7.160
-7.159
-7.158
-7.157
-7.156
-7.155
-7.154
-7.153
-7.152
-7.151
-7.150
-7.149
-7.148
-7.147
-7.146
-7.145
-7.144
-7.143
-7.142
-7.141
-7.140
-7.139
-7.138
-7.137
-7.136
-7.135
-7.134
-7.133
-7.132
-7.131
-7.130
-7.129
-7.128
-7.127
-7.126
-7.125
-7.124
-7.123
-7.122
-7.121
-7.120
-7.119
-7.118
-7.117
-7.116
-7.115
-7.114
-7.113
-7.112
-7.111
-7.110
-7.109
-7.108
-7.107
-7.106
-7.105
-7.104
-7.103
-7.102
-7.101
-7.100
-7.099
-7.098
-7.097
-7.096
-7.095
-7.094
-7.093
-7.092
-7.091
-7.090
-7.089
-7.088
-7.087
-7.086
-7.085
-7.084
-7.083
-7.082
-7.081
-7.080
-7.079
-7.078
-7.077
-7.076
-7.075
-7.074
-7.073
-7.072
-7.071
-7.070
-7.069
-7.068
-7.067
-7.066
-7.065
-7.064
-7.063
-7.062
-7.061
-7.060
-7.059
-7.058
-7.057
-7.056
-7.055
-7.054
-7.053
-7.052
-7.051
-7.050
-7.049
-7.048
-7.047
-7.046
-7.045
-7.044
-7.043
-7.042
-7.041
-7.040
-7.039
-7.038
-7.037
-7.036
-7.035
-7.034
-7.033
-7.032
-7.031
-7.030
-7.029
-7.028
-7.027
-7.026
-7.025
-7.024
-7.023
-7.022
-7.021
-7.020
-7.019
-7.018
-7.017
-7.016
-7.015
-7.014
-7.013
-7.012
-7.011
-7.010
-7.009
-7.008
-7.007
-7.006
-7.005
-7.004
-7.003
-7.002
-7.001
-7.000
-6.999
-6.998
-6.997
-6.996
-6.995
-6.994
-6.993
-6.992
-6.991
-6.990
-6.989
-6.988
-6.987
-6.986
-6.985
-6.984
-6.983
-6.982
-6.981
-6.980
-6.979
-6.978
-6.977
-6.976
-6.975
-6.974
-6.973
-6.972
-6.971
-6.970
-6.969
-6.968
-6.967
-6.966
-6.965
-6.964
-6.963
-6.962
-6.961
-6.960
-6.959
-6.958
-6.957
-6.956
-6.955
-6.954
-6.953
-6.952
-6.951
-6.950
-6.949
-6.948
-6.947
-6.946
-6.945
-6.944
-6.943
-6.942
-6.941
-6.940
-6.939
-6.938
-6.937
-6.936
-6.935
-6.934
-6.933
-6.932
-6.931
-6.930
-6.929
-6.928
-6.927
-6.926
-6.925
-6.924
-6.923
-6.922
-6.921
-6.920
-6.919
-6.918
-6.917
-6.916
-6.915
-6.914
-6.913
-6.912
-6.911
-6.910
-6.909
-6.908
-6.907
-6.906
-6.905
-6.904
-6.903
-6.902
-6.901
-6.900
-6.899
-6.898
-6.897
-6.896
-6.895
-6.894
-6.893
-6.892
-6.891
-6.890
-6.889
-6.888
-6.887
-6.886
-6.885
-6.884
-6.883
-6.882
-6.881
-6.880
-6.879
-6.878
-6.877
-6.876
-6.875
-6.874
-6.873
-6.872
-6.871
-6.870
-6.869
-6.868
-6.867
-6.866
-6.865
-6.864
-6.863
-6.862
-6.861
-6.860
-6.859
-6.858
-6.857
-6.856
-6.855
-6.854
-6.853
-6.852
-6.851
-6.850
-6.849
-6.848
-6.847
-6.846
-6.845
-6.844
-6.843
-6.842
-6.841
-6.840
-6.839
-6.838
-6.837
-6.836
-6.835
-6.834
-6.833
-6.832
-6.831
-6.830
-6.829
-6.828
-6.827
-6.826
-6.825
-6.824
-6.823
-6.822
-6.821
-6.820
-6.819
-6.818
-6.817
-6.816
-6.815
-6.814
-6.813
-6.812
-6.811
-6.810
-6.809
-6.808
-6.807
-6.806
-6.805
-6.804
-6.803
-6.802
-6.801
-6.800
-6.799
-6.798
-6.797
-6.796
-6.795
-6.794
-6.793
-6.792
-6.791
-6.790
-6.789
-6.788
-6.787
-6.786
-6.785
-6.784
-6.783
-6.782
-6.781
-6.780
-6.779
-6.778
-6.777
-6.776
-6.775
-6.774
-6.773
-6.772
-6.771
-6.770
-6.769
-6.768
-6.767
-6.766
-6.765
-6.764
-6.763
-6.762
-6.761
-6.760
-6.759
-6.758
-6.757
-6.756
-6.755
-6.754
-6.753
-6.752
-6.751
-6.750
-6.749
-6.748
-6.747
-6.746
-6.745
-6.744
-6.743
-6.742
-6.741
-6.740
-6.739
-6.738
-6.737
-6.736
-6.735
-6.734
-6.733
-6.732
-6.731
-6.730
-6.729
-6.728
-6.727
-6.726
-6.725
-6.724
-6.723
-6.722
-6.721
-6.720
-6.719
-6.718
-6.717
-6.716
-6.715
-6.714
-6.713
-6.712
-6.711
-6.710
-6.709
-6.708
-6.707
-6.706
-6.705
-6.704
-6.703
-6.702
-6.701
-6.700
-6.699
-6.698
-6.697
-6.696
-6.695
-6.694
-6.693
-6.692
-6.691
-6.690
-6.689
-6.688
-6.687
-6.686
-6.685
-6.684
-6.683
-6.682
-6.681
-6.680
-6.679
-6.678
-6.677
-6.676
-6.675
-6.674
-6.673
-6.672
-6.671
-6.670
-6.669
-6.668
-6.667
-6.666
-6.665
-6.664
-6.663
-6.662
-6.661
-6.660
-6.659
-6.658
-6.657
-6.656
-6.655
-6.654
-6.653
-6.652
-6.651
-6.650
-6.649
-6.648
-6.647
-6.646
-6.645
-6.644
-6.643
-6.642
-6.641
-6.640
-6.639
-6.638
-6.637
-6.636
-6.635
-6.634
-6.633
-6.632
-6.631
-6.630
-6.629
-6.628
-6.627
-6.626
-6.625
-6.624
-6.623
-6.622
-6.621
-6.620
-6.619
-6.618
-6.617
-6.616
-6.615
-6.614
-6.613
-6.612
-6.611
-6.610
-6.609
-6.608
-6.607
-6.606
-6.605
-6.604
-6.603
-6.602
-6.601
-6.600
-6.599
-6.598
-6.597
-6.596
-6.595
-6.594
-6.593
-6.592
-6.591
-6.590
-6.589
-6.588
-6.587
-6.586
-6.585
-6.584
-6.583
-6.582
-6.581
-6.580
-6.579
-6.578
-6.577
-6.576
-6.575
-6.574
-6.573
-6.572
-6.571
-6.570
-6.569
-6.568
-6.567
-6.566
-6.565
-6.564
-6.563
-6.562
-6.561
-6.560
-6.559
-6.558
-6.557
-6.556
-6.555
-6.554
-6.553
-6.552
-6.551
-6.550
-6.549
-6.548
-6.547
-6.546
-6.545
-6.544
-6.543
-6.542
-6.541
-6.540
-6.539
-6.538
-6.537
-6.536
-6.535
-6.534
-6.533
-6.532
-6.531
-6.530
-6.529
-6.528
-6.527
-6.526
-6.525
-6.524
-6.523
-6.522
-6.521
-6.520
-6.519
-6.518
-6.517
-6.516
-6.515
-6.514
-6.513
-6.512
-6.511
-6.510
-6.509
-6.508
-6.507
-6.506
-6.505
-6.504
-6.503
-6.502
-6.501
-6.500
-6.499
-6.498
-6.497
-6.496
-6.495
-6.494
-6.493
-6.492
-6.491
-6.490
-6.489
-6.488
-6.487
-6.486
-6.485
-6.484
-6.483
-6.482
-6.481
-6.480
-6.479
-6.478
-6.477
-6.476
-6.475
-6.474
-6.473
-6.472
-6.471
-6.470
-6.469
-6.468
-6.467
-6.466
-6.465
-6.464
-6.463
-6.462
-6.461
-6.460
-6.459
-6.458
-6.457
-6.456
-6.455
-6.454
-6.453
-6.452
-6.451
-6.450
-6.449
-6.448
-6.447
-6.446
-6.445
-6.444
-6.443
-6.442
-6.441
-6.440
-6.439
-6.438
-6.437
-6.436
-6.435
-6.434
-6.433
-6.432
-6.431
-6.430
-6.429
-6.428
-6.427
-6.426
-6.425
-6.424
-6.423
-6.422
-6.421
-6.420
-6.419
-6.418
-6.417
-6.416
-6.415
-6.414
-6.413
-6.412
-6.411
-6.410
-6.409
-6.408
-6.407
-6.406
-6.405
-6.404
-6.403
-6.402
-6.401
-6.400
-6.399
-6.398
-6.397
-6.396
-6.395
-6.394
-6.393
-6.392
-6.391
-6.390
-6.389
-6.388
-6.387
-6.386
-6.385
-6.384
-6.383
-6.382
-6.381
-6.380
-6.379
-6.378
-6.377
-6.376
-6.375
-6.374
-6.373
-6.372
-6.371
-6.370
-6.369
-6.368
-6.367
-6.366
-6.365
-6.364
-6.363
-6.362
-6.361
-6.360
-6.359
-6.358
-6.357
-6.356
-6.355
-6.354
-6.353
-6.352
-6.351
-6.350
-6.349
-6.348
-6.347
-6.346
-6.345
-6.344
-6.343
-6.342
-6.341
-6.340
-6.339
-6.338
-6.337
-6.336
-6.335
-6.334
-6.333
-6.332
-6.331
-6.330
-6.329
-6.328
-6.327
-6.326
-6.325
-6.324
-6.323
-6.322
-6.321
-6.320
-6.319
-6.318
-6.317
-6.316
-6.315
-6.314
-6.313
-6.312
-6.311
-6.310
-6.309
-6.308
-6.307
-6.306
-6.305
-6.304
-6.303
-6.302
-6.301
-6.300
-6.299
-6.298
-6.297
-6.296
-6.295
-6.294
-6.293
-6.292
-6.291
-6.290
-6.289
-6.288
-6.287
-6.286
-6.285
-6.284
-6.283
-6.282
-6.281
-6.280
-6.279
-6.278
-6.277
-6.276
-6.275
-6.274
-6.273
-6.272
-6.271
-6.270
-6.269
-6.268
-6.267
-6.266
-6.265
-6.264
-6.263
-6.262
-6.261
-6.260
-6.259
-6.258
-6.257
-6.256
-6.255
-6.254
-6.253
-6.252
-6.251
-6.250
-6.249
-6.248
-6.247
-6.246
-6.245
-6.244
-6.243
-6.242
-6.241
-6.240
-6.239
-6.238
-6.237
-6.236
-6.235
-6.234
-6.233
-6.232
-6.231
-6.230
-6.229
-6.228
-6.227
-6.226
-6.225
-6.224
-6.223
-6.222
-6.221
-6.220
-6.219
-6.218
-6.217
-6.216
-6.215
-6.214
-6.213
-6.212
-6.211
-6.210
-6.209
-6.208
-6.207
-6.206
-6.205
-6.204
-6.203
-6.202
-6.201
-6.200
-6.199
-6.198
-6.197
-6.196
-6.195
-6.194
-6.193
-6.192
-6.191
-6.190
-6.189
-6.188
-6.187
-6.186
-6.185
-6.184
-6.183
-6.182
-6.181
-6.180
-6.179
-6.178
-6.177
-6.176
-6.175
-6.174
-6.173
-6.172
-6.171
-6.170
-6.169
-6.168
-6.167
-6.166
-6.165
-6.164
-6.163
-6.162
-6.161
-6.160
-6.159
-6.158
-6.157
-6.156
-6.155
-6.154
-6.153
-6.152
-6.151
-6.150
-6.149
-6.148
-6.147
-6.146
-6.145
-6.144
-6.143
-6.142
-6.141
-6.140
-6.139
-6.138
-6.137
-6.136
-6.135
-6.134
-6.133
-6.132
-6.131
-6.130
-6.129
-6.128
-6.127
-6.126
-6.125
-6.124
-6.123
-6.122
-6.121
-6.120
-6.119
-6.118
-6.117
-6.116
-6.115
-6.114
-6.113
-6.112
-6.111
-6.110
-6.109
-6.108
-6.107
-6.106
-6.105
-6.104
-6.103
-6.102
-6.101
-6.100
-6.099
-6.098
-6.097
-6.096
-6.095
-6.094
-6.093
-6.092
-6.091
-6.090
-6.089
-6.088
-6.087
-6.086
-6.085
-6.084
-6.083
-6.082
-6.081
-6.080
-6.079
-6.078
-6.077
-6.076
-6.075
-6.074
-6.073
-6.072
-6.071
-6.070
-6.069
-6.068
-6.067
-6.066
-6.065
-6.064
-6.063
-6.062
-6.061
-6.060
-6.059
-6.058
-6.057
-6.056
-6.055
-6.054
-6.053
-6.052
-6.051
-6.050
-6.049
-6.048
-6.047
-6.046
-6.045
-6.044
-6.043
-6.042
-6.041
-6.040
-6.039
-6.038
-6.037
-6.036
-6.035
-6.034
-6.033
-6.032
-6.031
-6.030
-6.029
-6.028
-6.027
-6.026
-6.025
-6.024
-6.023
-6.022
-6.021
-6.020
-6.019
-6.018
-6.017
-6.016
-6.015
-6.014
-6.013
-6.012
-6.011
-6.010
-6.009
-6.008
-6.007
-6.006
-6.005
-6.004
-6.003
-6.002
-6.001
-6.000
-5.999
-5.998
-5.997
-5.996
-5.995
-5.994
-5.993
-5.992
-5.991
-5.990
-5.989
-5.988
-5.987
-5.986
-5.985
-5.984
-5.983
-5.982
-5.981
-5.980
-5.979
-5.978
-5.977
-5.976
-5.975
-5.974
-5.973
-5.972
-5.971
-5.970
-5.969
-5.968
-5.967
-5.966
-5.965
-5.964
-5.963
-5.962
-5.961
-5.960
-5.959
-5.958
-5.957
-5.956
-5.955
-5.954
-5.953
-5.952
-5.951
-5.950
-5.949
-5.948
-5.947
-5.946
-5.945
-5.944
-5.943
-5.942
-5.941
-5.940
-5.939
-5.938
-5.937
-5.936
-5.935
-5.934
-5.933
-5.932
-5.931
-5.930
-5.929
-5.928
-5.927
-5.926
-5.925
-5.924
-5.923
-5.922
-5.921
-5.920
-5.919
-5.918
-5.917
-5.916
-5.915
-5.914
-5.913
-5.912
-5.911
-5.910
-5.909
-5.908
-5.907
-5.906
-5.905
-5.904
-5.903
-5.902
-5.901
-5.900
-5.899
-5.898
-5.897
-5.896
-5.895
-5.894
-5.893
-5.892
-5.891
-5.890
-5.889
-5.888
-5.887
-5.886
-5.885
-5.884
-5.883
-5.882
-5.881
-5.880
-5.879
-5.878
-5.877
-5.876
-5.875
-5.874
-5.873
-5.872
-5.871
-5.870
-5.869
-5.868
-5.867
-5.866
-5.865
-5.864
-5.863
-5.862
-5.861
-5.860
-5.859
-5.858
-5.857
-5.856
-5.855
-5.854
-5.853
-5.852
-5.851
-5.850
-5.849
-5.848
-5.847
-5.846
-5.845
-5.844
-5.843
-5.842
-5.841
-5.840
-5.839
-5.838
-5.837
-5.836
-5.835
-5.834
-5.833
-5.832
-5.831
-5.830
-5.829
-5.828
-5.827
-5.826
-5.825
-5.824
-5.823
-5.822
-5.821
-5.820
-5.819
-5.818
-5.817
-5.816
-5.815
-5.814
-5.813
-5.812
-5.811
-5.810
-5.809
-5.808
-5.807
-5.806
-5.805
-5.804
-5.803
-5.802
-5.801
-5.800
-5.799
-5.798
-5.797
-5.796
-5.795
-5.794
-5.793
-5.792
-5.791
-5.790
-5.789
-5.788
-5.787
-5.786
-5.785
-5.784
-5.783
-5.782
-5.781
-5.780
-5.779
-5.778
-5.777
-5.776
-5.775
-5.774
-5.773
-5.772
-5.771
-5.770
-5.769
-5.768
-5.767
-5.766
-5.765
-5.764
-5.763
-5.762
-5.761
-5.760
-5.759
-5.758
-5.757
-5.756
-5.755
-5.754
-5.753
-5.752
-5.751
-5.750
-5.749
-5.748
-5.747
-5.746
-5.745
-5.744
-5.743
-5.742
-5.741
-5.740
-5.739
-5.738
-5.737
-5.736
-5.735
-5.734
-5.733
-5.732
-5.731
-5.730
-5.729
-5.728
-5.727
-5.726
-5.725
-5.724
-5.723
-5.722
-5.721
-5.720
-5.719
-5.718
-5.717
-5.716
-5.715
-5.714
-5.713
-5.712
-5.711
-5.710
-5.709
-5.708
-5.707
-5.706
-5.705
-5.704
-5.703
-5.702
-5.701
-5.700
-5.699
-5.698
-5.697
-5.696
-5.695
-5.694
-5.693
-5.692
-5.691
-5.690
-5.689
-5.688
-5.687
-5.686
-5.685
-5.684
-5.683
-5.682
-5.681
-5.680
-5.679
-5.678
-5.677
-5.676
-5.675
-5.674
-5.673
-5.672
-5.671
-5.670
-5.669
-5.668
-5.667
-5.666
-5.665
-5.664
-5.663
-5.662
-5.661
-5.660
-5.659
-5.658
-5.657
-5.656
-5.655
-5.654
-5.653
-5.652
-5.651
-5.650
-5.649
-5.648
-5.647
-5.646
-5.645
-5.644
-5.643
-5.642
-5.641
-5.640
-5.639
-5.638
-5.637
-5.636
-5.635
-5.634
-5.633
-5.632
-5.631
-5.630
-5.629
-5.628
-5.627
-5.626
-5.625
-5.624
-5.623
-5.622
-5.621
-5.620
-5.619
-5.618
-5.617
-5.616
-5.615
-5.614
-5.613
-5.612
-5.611
-5.610
-5.609
-5.608
-5.607
-5.606
-5.605
-5.604
-5.603
-5.602
-5.601
-5.600
-5.599
-5.598
-5.597
-5.596
-5.595
-5.594
-5.593
-5.592
-5.591
-5.590
-5.589
-5.588
-5.587
-5.586
-5.585
-5.584
-5.583
-5.582
-5.581
-5.580
-5.579
-5.578
-5.577
-5.576
-5.575
-5.574
-5.573
-5.572
-5.571
-5.570
-5.569
-5.568
-5.567
-5.566
-5.565
-5.564
-5.563
-5.562
-5.561
-5.560
-5.559
-5.558
-5.557
-5.556
-5.555
-5.554
-5.553
-5.552
-5.551
-5.550
-5.549
-5.548
-5.547
-5.546
-5.545
-5.544
-5.543
-5.542
-5.541
-5.540
-5.539
-5.538
-5.537
-5.536
-5.535
-5.534
-5.533
-5.532
-5.531
-5.530
-5.529
-5.528
-5.527
-5.526
-5.525
-5.524
-5.523
-5.522
-5.521
-5.520
-5.519
-5.518
-5.517
-5.516
-5.515
-5.514
-5.513
-5.512
-5.511
-5.510
-5.509
-5.508
-5.507
-5.506
-5.505
-5.504
-5.503
-5.502
-5.501
-5.500
-5.499
-5.498
-5.497
-5.496
-5.495
-5.494
-5.493
-5.492
-5.491
-5.490
-5.489
-5.488
-5.487
-5.486
-5.485
-5.484
-5.483
-5.482
-5.481
-5.480
-5.479
-5.478
-5.477
-5.476
-5.475
-5.474
-5.473
-5.472
-5.471
-5.470
-5.469
-5.468
-5.467
-5.466
-5.465
-5.464
-5.463
